2 0 0 0.1 0.1 0.1 0.1 // right side
4 0 0 0.1 0.1 0.1 0.1
6 0 0 0.1 0.1 0.1 0.1
8 0 0 0.1 0.1 0.1 0.1
10 0 0 0.1 0.1 0.1 0.1
12 0 0 0.1 0.1 0.1 0.1
2 2 0 0.1 0.1 0.1 0.1 // right side
4 2 0 0.1 0.1 0.1 0.1
6 2 0 0.1 0.1 0.1 0.1
8 2 0 0.1 0.1 0.1 0.1
10 2 0 0.1 0.1 0.1 0.1
12 2 0 0.1 0.1 0.1 0.1
2 4 0 0.1 0.1 0.1 0.1 // right side 
6 4 0 0.1 0.1 0.1 0.1
8 4 0 0.1 0.1 0.1 0.1
10 4 0 0.1 0.1 0.1 0.1
12 4 0 0.1 0.1 0.1 0.1
2 6 0 0.1 0.1 0.1 0.1 // right side
4 6 0 0.1 0.1 0.1 0.1
6 6 0 0.1 0.1 0.1 0.1
8 6 0 0.1 0.1 0.1 0.1
10 6 0 0.1 0.1 0.1 0.1
12 6 0 0.1 0.1 0.1 0.1
2 8 0 0.1 0.1 0.1 0.1 // right side 
4 8 0 0.1 0.1 0.1 0.1
6 8 0 0.1 0.1 0.1 0.1
8 8 0 0.1 0.1 0.1 0.1
10 8 0 0.1 0.1 0.1 0.1
12 8 0 0.1 0.1 0.1 0.1
2 10 0 0.1 0.1 0.1 0.1 // right side
4 10 0 0.1 0.1 0.1 0.1
6 10 0 0.1 0.1 0.1 0.1
8 10 0 0.1 0.1 0.1 0.1
10 10 0 0.1 0.1 0.1 0.1
12 10 0 0.1 0.1 0.1 0.1
2 -2 0 0.1 0.1 0.1 0.1 // right side down
6 -2 0 0.1 0.1 0.1 0.1
8 -2 0 0.1 0.1 0.1 0.1
10 -2 0 0.1 0.1 0.1 0.1
12 -2 0 0.1 0.1 0.1 0.1
6 -4 0 0.1 0.1 0.1 0.1
8 -4 0 0.1 0.1 0.1 0.1
10 -4 0 0.1 0.1 0.1 0.1
12 -4 0 0.1 0.1 0.1 0.1
2 -6 0 0.1 0.1 0.1 0.1 // right side
4 -6 0 0.1 0.1 0.1 0.1
6 -6 0 0.1 0.1 0.1 0.1
8 -6 0 0.1 0.1 0.1 0.1
10 -6 0 0.1 0.1 0.1 0.1
12 -6 0 0.1 0.1 0.1 0.1
2 -8 0 0.1 0.1 0.1 0.1 // right side 
4 -8 0 0.1 0.1 0.1 0.1
6 -8 0 0.1 0.1 0.1 0.1
8 -8 0 0.1 0.1 0.1 0.1
10 -8 0 0.1 0.1 0.1 0.1
12 -8 0 0.1 0.1 0.1 0.1
2 -10 0 0.1 0.1 0.1 0.1 // right side
4 -10 0 0.1 0.1 0.1 0.1
6 -10 0 0.1 0.1 0.1 0.1
8 -10 0 0.1 0.1 0.1 0.1
10 -10 0 0.1 0.1 0.1 0.1
12 -10 0 0.1 0.1 0.1 0.1
-2 0 0 0.1 0.1 0.1 0.1 // left side
-4 0 0 0.1 0.1 0.1 0.1
-6 0 0 0.1 0.1 0.1 0.1
-8 0 0 0.1 0.1 0.1 0.1
-10 0 0 0.1 0.1 0.1 0.1
-12 0 0 0.1 0.1 0.1 0.1
-2 2 0 0.1 0.1 0.1 0.1 // left side up
-4 2 0 0.1 0.1 0.1 0.1
-6 2 0 0.1 0.1 0.1 0.1
-8 2 0 0.1 0.1 0.1 0.1
-10 2 0 0.1 0.1 0.1 0.1
-12 2 0 0.1 0.1 0.1 0.1
-2 4 0 0.1 0.1 0.1 0.1 // left side up
-6 4 0 0.1 0.1 0.1 0.1
-8 4 0 0.1 0.1 0.1 0.1
-10 4 0 0.1 0.1 0.1 0.1
-12 4 0 0.1 0.1 0.1 0.1
-2 6 0 0.1 0.1 0.1 0.1 // left side up
-4 6 0 0.1 0.1 0.1 0.1
-6 6 0 0.1 0.1 0.1 0.1
-8 6 0 0.1 0.1 0.1 0.1
-10 6 0 0.1 0.1 0.1 0.1
-12 6 0 0.1 0.1 0.1 0.1
-2 8 0 0.1 0.1 0.1 0.1 // left side up
-4 8 0 0.1 0.1 0.1 0.1
-6 8 0 0.1 0.1 0.1 0.1
-8 8 0 0.1 0.1 0.1 0.1
-10 8 0 0.1 0.1 0.1 0.1
-12 8 0 0.1 0.1 0.1 0.1
-2 10 0 0.1 0.1 0.1 0.1 // left side up
-4 10 0 0.1 0.1 0.1 0.1
-6 10 0 0.1 0.1 0.1 0.1
-8 10 0 0.1 0.1 0.1 0.1
-10 10 0 0.1 0.1 0.1 0.1
-12 10 0 0.1 0.1 0.1 0.1
-2 -2 0 0.1 0.1 0.1 0.1 // left side down
-6 -2 0 0.1 0.1 0.1 0.1
-8 -2 0 0.1 0.1 0.1 0.1
-10 -2 0 0.1 0.1 0.1 0.1
-12 -2 0 0.1 0.1 0.1 0.1
-6 -4 0 0.1 0.1 0.1 0.1 // left side down
-8 -4 0 0.1 0.1 0.1 0.1
-10 -4 0 0.1 0.1 0.1 0.1
-12 -4 0 0.1 0.1 0.1 0.1
-2 -6 0 0.1 0.1 0.1 0.1 // left side down
-4 -6 0 0.1 0.1 0.1 0.1
-6 -6 0 0.1 0.1 0.1 0.1
-8 -6 0 0.1 0.1 0.1 0.1
-10 -6 0 0.1 0.1 0.1 0.1
-12 -6 0 0.1 0.1 0.1 0.1
-2 -8 0 0.1 0.1 0.1 0.1 // left side down
-4 -8 0 0.1 0.1 0.1 0.1
-6 -8 0 0.1 0.1 0.1 0.1
-8 -8 0 0.1 0.1 0.1 0.1
-10 -8 0 0.1 0.1 0.1 0.1
-12 -8 0 0.1 0.1 0.1 0.1
-2 -10 0 0.1 0.1 0.1 0.1 // left side down
-4 -10 0 0.1 0.1 0.1 0.1
-6 -10 0 0.1 0.1 0.1 0.1
-8 -10 0 0.1 0.1 0.1 0.1
-10 -10 0 0.1 0.1 0.1 0.1
-12 -10 0 0.1 0.1 0.1 0.1
0 0 0 0.1 0.1 0.1 0.1 //center 
0 2 0 0.1 0.1 0.1 0.1
0 4 0 0.1 0.1 0.1 0.1
0 6 0 0.1 0.1 0.1 0.1
0 8 0 0.1 0.1 0.1 0.1
0 10 0 0.1 0.1 0.1 0.1
0 -2 0 0.1 0.1 0.1 0.1
0 -6 0 0.1 0.1 0.1 0.1
0 -8 0 0.1 0.1 0.1 0.1
0 -10 0 0.1 0.1 0.1 0.1
-12 10 -2 0.1 0.1 0.1 0.1
-12 10 -4 0.1 0.1 0.1 0.1
-12 10 -6 0.1 0.1 0.1 0.1
-12 10 -8 0.1 0.1 0.1 0.1
-12 10 -10 0.1 0.1 0.1 0.1
-12 10 -12 0.1 0.1 0.1 0.1
-12 10 -14 0.1 0.1 0.1 0.1
-12 10 -16 0.1 0.1 0.1 0.1
-12 10 -18 0.1 0.1 0.1 0.1
-12 10 -20 0.1 0.1 0.1 0.1
-12 10 -22 0.1 0.1 0.1 0.1
-12 8 -2 0.1 0.1 0.1 0.1
-12 8 -4 0.1 0.1 0.1 0.1
-12 8 -6 0.1 0.1 0.1 0.1
-12 8 -8 0.1 0.1 0.1 0.1
-12 8 -10 0.1 0.1 0.1 0.1
-12 8 -12 0.1 0.1 0.1 0.1
-12 8 -14 0.1 0.1 0.1 0.1
-12 8 -16 0.1 0.1 0.1 0.1
-12 8 -18 0.1 0.1 0.1 0.1
-12 8 -20 0.1 0.1 0.1 0.1
-12 8 -22 0.1 0.1 0.1 0.1
-12 6 -2 0.1 0.1 0.1 0.1
-12 6 -4 0.1 0.1 0.1 0.1
-12 6 -10 0.1 0.1 0.1 0.1
-12 6 -12 0.1 0.1 0.1 0.1
-12 6 -14 0.1 0.1 0.1 0.1
-12 6 -20 0.1 0.1 0.1 0.1
-12 6 -22 0.1 0.1 0.1 0.1
-12 4 -2 0.1 0.1 0.1 0.1
-12 4 -4 0.1 0.1 0.1 0.1
-12 4 -10 0.1 0.1 0.1 0.1
-12 4 -12 0.1 0.1 0.1 0.1
-12 4 -14 0.1 0.1 0.1 0.1
-12 4 -20 0.1 0.1 0.1 0.1
-12 4 -22 0.1 0.1 0.1 0.1
-12 2 -2 0.1 0.1 0.1 0.1
-12 2 -4 0.1 0.1 0.1 0.1
-12 2 -6 0.1 0.1 0.1 0.1
-12 2 -8 0.1 0.1 0.1 0.1
-12 2 -10 0.1 0.1 0.1 0.1
-12 2 -12 0.1 0.1 0.1 0.1
-12 2 -14 0.1 0.1 0.1 0.1
-12 2 -16 0.1 0.1 0.1 0.1
-12 2 -18 0.1 0.1 0.1 0.1
-12 2 -20 0.1 0.1 0.1 0.1
-12 2 -22 0.1 0.1 0.1 0.1
-12 0 -2 0.1 0.1 0.1 0.1
-12 0 -4 0.1 0.1 0.1 0.1
-12 0 -6 0.1 0.1 0.1 0.1
-12 0 -8 0.1 0.1 0.1 0.1
-12 0 -10 0.1 0.1 0.1 0.1
-12 0 -12 0.1 0.1 0.1 0.1
-12 0 -14 0.1 0.1 0.1 0.1
-12 0 -16 0.1 0.1 0.1 0.1
-12 0 -18 0.1 0.1 0.1 0.1
-12 0 -20 0.1 0.1 0.1 0.1
-12 0 -22 0.1 0.1 0.1 0.1
-12 -10 -2 0.1 0.1 0.1 0.1
-12 -10 -4 0.1 0.1 0.1 0.1
-12 -10 -6 0.1 0.1 0.1 0.1
-12 -10 -8 0.1 0.1 0.1 0.1
-12 -10 -10 0.1 0.1 0.1 0.1
-12 -10 -12 0.1 0.1 0.1 0.1
-12 -10 -14 0.1 0.1 0.1 0.1
-12 -10 -16 0.1 0.1 0.1 0.1
-12 -10 -18 0.1 0.1 0.1 0.1
-12 -10 -20 0.1 0.1 0.1 0.1
-12 -10 -22 0.1 0.1 0.1 0.1
-12 -8 -2 0.1 0.1 0.1 0.1
-12 -8 -4 0.1 0.1 0.1 0.1
-12 -8 -6 0.1 0.1 0.1 0.1
-12 -8 -8 0.1 0.1 0.1 0.1
-12 -8 -10 0.1 0.1 0.1 0.1
-12 -8 -12 0.1 0.1 0.1 0.1
-12 -8 -14 0.1 0.1 0.1 0.1
-12 -8 -16 0.1 0.1 0.1 0.1
-12 -8 -18 0.1 0.1 0.1 0.1
-12 -8 -20 0.1 0.1 0.1 0.1
-12 -8 -22 0.1 0.1 0.1 0.1
-12 -6 -2 0.1 0.1 0.1 0.1
-12 -6 -4 0.1 0.1 0.1 0.1
-12 -6 -6 0.1 0.1 0.1 0.1
-12 -6 -8 0.1 0.1 0.1 0.1
-12 -6 -10 0.1 0.1 0.1 0.1
-12 -6 -12 0.1 0.1 0.1 0.1
-12 -6 -14 0.1 0.1 0.1 0.1
-12 -6 -16 0.1 0.1 0.1 0.1
-12 -6 -18 0.1 0.1 0.1 0.1
-12 -6 -20 0.1 0.1 0.1 0.1
-12 -6 -22 0.1 0.1 0.1 0.1
-12 -4 -2 0.1 0.1 0.1 0.1
-12 -4 -4 0.1 0.1 0.1 0.1
-12 -4 -6 0.1 0.1 0.1 0.1
-12 -4 -8 0.1 0.1 0.1 0.1
-12 -4 -10 0.1 0.1 0.1 0.1
-12 -4 -12 0.1 0.1 0.1 0.1
-12 -4 -14 0.1 0.1 0.1 0.1
-12 -4 -16 0.1 0.1 0.1 0.1
-12 -4 -18 0.1 0.1 0.1 0.1
-12 -4 -20 0.1 0.1 0.1 0.1
-12 -4 -22 0.1 0.1 0.1 0.1
-12 -2 -2 0.1 0.1 0.1 0.1
-12 -2 -4 0.1 0.1 0.1 0.1
-12 -2 -6 0.1 0.1 0.1 0.1
-12 -2 -18 0.1 0.1 0.1 0.1
-12 -2 -20 0.1 0.1 0.1 0.1
-12 -2 -22 0.1 0.1 0.1 0.1



12 10 -2 0.1 0.1 0.1 0.1
12 10 -4 0.1 0.1 0.1 0.1
12 10 -6 0.1 0.1 0.1 0.1
12 10 -8 0.1 0.1 0.1 0.1
12 10 -10 0.1 0.1 0.1 0.1
12 10 -12 0.1 0.1 0.1 0.1
12 10 -14 0.1 0.1 0.1 0.1
12 10 -16 0.1 0.1 0.1 0.1
12 10 -18 0.1 0.1 0.1 0.1
12 10 -20 0.1 0.1 0.1 0.1
12 10 -22 0.1 0.1 0.1 0.1
12 8 -2 0.1 0.1 0.1 0.1
12 8 -4 0.1 0.1 0.1 0.1
12 8 -6 0.1 0.1 0.1 0.1
12 8 -8 0.1 0.1 0.1 0.1
12 8 -10 0.1 0.1 0.1 0.1
12 8 -12 0.1 0.1 0.1 0.1
12 8 -14 0.1 0.1 0.1 0.1
12 8 -16 0.1 0.1 0.1 0.1
12 8 -18 0.1 0.1 0.1 0.1
12 8 -20 0.1 0.1 0.1 0.1
12 8 -22 0.1 0.1 0.1 0.1
12 6 -2 0.1 0.1 0.1 0.1
12 6 -4 0.1 0.1 0.1 0.1
12 6 -10 0.1 0.1 0.1 0.1
12 6 -12 0.1 0.1 0.1 0.1
12 6 -14 0.1 0.1 0.1 0.1
12 6 -20 0.1 0.1 0.1 0.1
12 6 -22 0.1 0.1 0.1 0.1
12 4 -2 0.1 0.1 0.1 0.1
12 4 -4 0.1 0.1 0.1 0.1
12 4 -10 0.1 0.1 0.1 0.1
12 4 -12 0.1 0.1 0.1 0.1
12 4 -14 0.1 0.1 0.1 0.1
12 4 -20 0.1 0.1 0.1 0.1
12 4 -22 0.1 0.1 0.1 0.1
12 2 -2 0.1 0.1 0.1 0.1
12 2 -4 0.1 0.1 0.1 0.1
12 2 -6 0.1 0.1 0.1 0.1
12 2 -8 0.1 0.1 0.1 0.1
12 2 -10 0.1 0.1 0.1 0.1
12 2 -12 0.1 0.1 0.1 0.1
12 2 -14 0.1 0.1 0.1 0.1
12 2 -16 0.1 0.1 0.1 0.1
12 2 -18 0.1 0.1 0.1 0.1
12 2 -20 0.1 0.1 0.1 0.1
12 2 -22 0.1 0.1 0.1 0.1
12 0 -2 0.1 0.1 0.1 0.1
12 0 -4 0.1 0.1 0.1 0.1
12 0 -6 0.1 0.1 0.1 0.1
12 0 -8 0.1 0.1 0.1 0.1
12 0 -10 0.1 0.1 0.1 0.1
12 0 -12 0.1 0.1 0.1 0.1
12 0 -14 0.1 0.1 0.1 0.1
12 0 -16 0.1 0.1 0.1 0.1
12 0 -18 0.1 0.1 0.1 0.1
12 0 -20 0.1 0.1 0.1 0.1
12 0 -22 0.1 0.1 0.1 0.1
12 -10 -2 0.1 0.1 0.1 0.1
12 -10 -4 0.1 0.1 0.1 0.1
12 -10 -6 0.1 0.1 0.1 0.1
12 -10 -8 0.1 0.1 0.1 0.1
12 -10 -10 0.1 0.1 0.1 0.1
12 -10 -12 0.1 0.1 0.1 0.1
12 -10 -14 0.1 0.1 0.1 0.1
12 -10 -16 0.1 0.1 0.1 0.1
12 -10 -18 0.1 0.1 0.1 0.1
12 -10 -20 0.1 0.1 0.1 0.1
12 -10 -22 0.1 0.1 0.1 0.1
12 -8 -2 0.1 0.1 0.1 0.1
12 -8 -4 0.1 0.1 0.1 0.1
12 -8 -6 0.1 0.1 0.1 0.1
12 -8 -8 0.1 0.1 0.1 0.1
12 -8 -10 0.1 0.1 0.1 0.1
12 -8 -12 0.1 0.1 0.1 0.1
12 -8 -14 0.1 0.1 0.1 0.1
12 -8 -16 0.1 0.1 0.1 0.1
12 -8 -18 0.1 0.1 0.1 0.1
12 -8 -20 0.1 0.1 0.1 0.1
12 -8 -22 0.1 0.1 0.1 0.1
12 -6 -2 0.1 0.1 0.1 0.1
12 -6 -4 0.1 0.1 0.1 0.1
12 -6 -6 0.1 0.1 0.1 0.1
12 -6 -8 0.1 0.1 0.1 0.1
12 -6 -10 0.1 0.1 0.1 0.1
12 -6 -12 0.1 0.1 0.1 0.1
12 -6 -14 0.1 0.1 0.1 0.1
12 -6 -16 0.1 0.1 0.1 0.1
12 -6 -18 0.1 0.1 0.1 0.1
12 -6 -20 0.1 0.1 0.1 0.1
12 -6 -22 0.1 0.1 0.1 0.1
12 -4 -2 0.1 0.1 0.1 0.1
12 -4 -4 0.1 0.1 0.1 0.1
12 -4 -6 0.1 0.1 0.1 0.1
12 -4 -8 0.1 0.1 0.1 0.1
12 -4 -10 0.1 0.1 0.1 0.1
12 -4 -12 0.1 0.1 0.1 0.1
12 -4 -14 0.1 0.1 0.1 0.1
12 -4 -16 0.1 0.1 0.1 0.1
12 -4 -18 0.1 0.1 0.1 0.1
12 -4 -20 0.1 0.1 0.1 0.1
12 -4 -22 0.1 0.1 0.1 0.1
12 -2 -2 0.1 0.1 0.1 0.1
12 -2 -4 0.1 0.1 0.1 0.1
12 -2 -6 0.1 0.1 0.1 0.1
12 -2 -18 0.1 0.1 0.1 0.1
12 -2 -20 0.1 0.1 0.1 0.1
12 -2 -22 0.1 0.1 0.1 0.1





2 0 -22 0.1 0.1 0.1 0.1 // right side
4 0 -22 0.1 0.1 0.1 0.1
6 0 -22 0.1 0.1 0.1 0.1
8 0 -22 0.1 0.1 0.1 0.1
10 0 -22 0.1 0.1 0.1 0.1
12 0 -22 0.1 0.1 0.1 0.1
2 2 -22 0.1 0.1 0.1 0.1 // right side
4 2 -22 0.1 0.1 0.1 0.1
6 2 -22 0.1 0.1 0.1 0.1
8 2 -22 0.1 0.1 0.1 0.1
10 2 -22 0.1 0.1 0.1 0.1
12 2 -22 0.1 0.1 0.1 0.1
2 4 -22 0.1 0.1 0.1 0.1 // right side 
6 4 -22 0.1 0.1 0.1 0.1
8 4 -22 0.1 0.1 0.1 0.1
10 4 -22 0.1 0.1 0.1 0.1
12 4 -22 0.1 0.1 0.1 0.1
2 6 -22 0.1 0.1 0.1 0.1 // right side
4 6 -22 0.1 0.1 0.1 0.1
6 6 -22 0.1 0.1 0.1 0.1
8 6 -22 0.1 0.1 0.1 0.1
10 6 -22 0.1 0.1 0.1 0.1
12 6 -22 0.1 0.1 0.1 0.1
2 8 -22 0.1 0.1 0.1 0.1 // right side 
4 8 -22 0.1 0.1 0.1 0.1
6 8 -22 0.1 0.1 0.1 0.1
8 8 -22 0.1 0.1 0.1 0.1
10 8 -22 0.1 0.1 0.1 0.1
12 8 -22 0.1 0.1 0.1 0.1
2 10 -22 0.1 0.1 0.1 0.1 // right side
4 10 -22 0.1 0.1 0.1 0.1
6 10 -22 0.1 0.1 0.1 0.1
8 10 -22 0.1 0.1 0.1 0.1
10 10 -22 0.1 0.1 0.1 0.1
12 10 -22 0.1 0.1 0.1 0.1
2 -2 -22 0.1 0.1 0.1 0.1 // right side down
6 -2 -22 0.1 0.1 0.1 0.1
8 -2 -22 0.1 0.1 0.1 0.1
10 -2 -22 0.1 0.1 0.1 0.1
12 -2 -22 0.1 0.1 0.1 0.1
6 -4 -22 0.1 0.1 0.1 0.1
8 -4 -22 0.1 0.1 0.1 0.1
10 -4 -22 0.1 0.1 0.1 0.1
12 -4 -22 0.1 0.1 0.1 0.1
2 -6 -22 0.1 0.1 0.1 0.1 // right side
4 -6 -22 0.1 0.1 0.1 0.1
6 -6 -22 0.1 0.1 0.1 0.1
8 -6 -22 0.1 0.1 0.1 0.1
10 -6 -22 0.1 0.1 0.1 0.1
12 -6 -22 0.1 0.1 0.1 0.1
2 -8 -22 0.1 0.1 0.1 0.1 // right side 
4 -8 -22 0.1 0.1 0.1 0.1
6 -8 -22 0.1 0.1 0.1 0.1
8 -8 -22 0.1 0.1 0.1 0.1
10 -8 -22 0.1 0.1 0.1 0.1
12 -8 -22 0.1 0.1 0.1 0.1
2 -10 -22 0.1 0.1 0.1 0.1 // right side
4 -10 -22 0.1 0.1 0.1 0.1
6 -10 -22 0.1 0.1 0.1 0.1
8 -10 -22 0.1 0.1 0.1 0.1
10 -10 -22 0.1 0.1 0.1 0.1
12 -10 -22 0.1 0.1 0.1 0.1
-2 0 -22 0.1 0.1 0.1 0.1 // left side
-4 0 -22 0.1 0.1 0.1 0.1
-6 0 -22 0.1 0.1 0.1 0.1
-8 0 -22 0.1 0.1 0.1 0.1
-10 0 -22 0.1 0.1 0.1 0.1
-12 0 -22 0.1 0.1 0.1 0.1
-2 2 -22 0.1 0.1 0.1 0.1 // left side up
-4 2 -22 0.1 0.1 0.1 0.1
-6 2 -22 0.1 0.1 0.1 0.1
-8 2 -22 0.1 0.1 0.1 0.1
-10 2 -22 0.1 0.1 0.1 0.1
-12 2 -22 0.1 0.1 0.1 0.1
-2 4 -22 0.1 0.1 0.1 0.1 // left side up
-6 4 -22 0.1 0.1 0.1 0.1
-8 4 -22 0.1 0.1 0.1 0.1
-10 4 -22 0.1 0.1 0.1 0.1
-12 4 -22 0.1 0.1 0.1 0.1
-2 6 -22 0.1 0.1 0.1 0.1 // left side up
-4 6 -22 0.1 0.1 0.1 0.1
-6 6 -22 0.1 0.1 0.1 0.1
-8 6 -22 0.1 0.1 0.1 0.1
-10 6 -22 0.1 0.1 0.1 0.1
-12 6 -22 0.1 0.1 0.1 0.1
-2 8 -22 0.1 0.1 0.1 0.1 // left side up
-4 8 -22 0.1 0.1 0.1 0.1
-6 8 -22 0.1 0.1 0.1 0.1
-8 8 -22 0.1 0.1 0.1 0.1
-10 8 -22 0.1 0.1 0.1 0.1
-12 8 -22 0.1 0.1 0.1 0.1
-2 10 -22 0.1 0.1 0.1 0.1 // left side up
-4 10 -22 0.1 0.1 0.1 0.1
-6 10 -22 0.1 0.1 0.1 0.1
-8 10 -22 0.1 0.1 0.1 0.1
-10 10 -22 0.1 0.1 0.1 0.1
-12 10 -22 0.1 0.1 0.1 0.1
-2 -2 -22 0.1 0.1 0.1 0.1 // left side down
-6 -2 -22 0.1 0.1 0.1 0.1
-8 -2 -22 0.1 0.1 0.1 0.1
-10 -2 -22 0.1 0.1 0.1 0.1
-12 -2 -22 0.1 0.1 0.1 0.1
-6 -4 -22 0.1 0.1 0.1 0.1 // left side down
-8 -4 -22 0.1 0.1 0.1 0.1
-10 -4 -22 0.1 0.1 0.1 0.1
-12 -4 -22 0.1 0.1 0.1 0.1
-2 -6 -22 0.1 0.1 0.1 0.1 // left side down
-4 -6 -22 0.1 0.1 0.1 0.1
-6 -6 -22 0.1 0.1 0.1 0.1
-8 -6 -22 0.1 0.1 0.1 0.1
-10 -6 -22 0.1 0.1 0.1 0.1
-12 -6 -22 0.1 0.1 0.1 0.1
-2 -8 -22 0.1 0.1 0.1 0.1 // left side down
-4 -8 -22 0.1 0.1 0.1 0.1
-6 -8 -22 0.1 0.1 0.1 0.1
-8 -8 -22 0.1 0.1 0.1 0.1
-10 -8 -22 0.1 0.1 0.1 0.1
-12 -8 -22 0.1 0.1 0.1 0.1
-2 -10 -22 0.1 0.1 0.1 0.1 // left side down
-4 -10 -22 0.1 0.1 0.1 0.1
-6 -10 -22 0.1 0.1 0.1 0.1
-8 -10 -22 0.1 0.1 0.1 0.1
-10 -10 -22 0.1 0.1 0.1 0.1
-12 -10 -22 0.1 0.1 0.1 0.1
0 0 -22 0.1 0.1 0.1 0.1 //center 
0 2 -22 0.1 0.1 0.1 0.1
0 4 -22 0.1 0.1 0.1 0.1
0 6 -22 0.1 0.1 0.1 0.1
0 8 -22 0.1 0.1 0.1 0.1
0 10 -22 0.1 0.1 0.1 0.1
0 -2 -22 0.1 0.1 0.1 0.1
0 -6 -22 0.1 0.1 0.1 0.1
0 -8 -22 0.1 0.1 0.1 0.1
0 -10 -22 0.1 0.1 0.1 0.1

0 -10 -.917 1.2 0.1 1.2 1
0 10 -.917 1.2 0.1 1.2 1