5 -2 0 0.5 1 1 1 // wheels
-5 -2 0 0.5 1 1 1
5 -2 -5 0.5 1 1 1
-5 -2 -5 0.5 1 1 1

0 -20 0 2.5 0.1 0.1 1 // axles
0 -20 -50 2.5 0.1 0.1 1

0.5 -4 0 0.5 0.5 0.5 // front diff

0 -1.5 -0.7 1.5 0.5 5 1 // body

0 -1.5 -0.7 3 0.1 5 1 // body

0 20 15 3 0.1 0.1 1 // front rails
0 15 15 3 0.1 0.1 1
0 10 15 3 0.1 0.1 1
0 5 15 3 0.1 0.1 1

0 20 -100 3 0.1 0.1 1 // back rails
0 15 -100 3 0.1 0.1 1
0 10 -100 3 0.1 0.1 1
0 5 -100 3 0.1 0.1 1

-29 20 -0.8 0.1 0.1 7 1 // left side rails
-29 15 -0.8 0.1 0.1 7 1
-29 10 -0.8 0.1 0.1 7 1
-29 5 -0.8 0.1 0.1 7 1

29 20 -0.8 0.1 0.1 7 1 // right side rails
29 15 -0.8 0.1 0.1 7 1
29 10 -0.8 0.1 0.1 7 1
29 5 -0.8 0.1 0.1 7 1